294400
294656
294912
295168
295424
295680
295936
296192
296448
296704
296960
297216
297472
297728
297984
298240
298496
298752
299008
299264
299520
299776
300032
300288
300544
300800
301056
301312
301568
301824
302080
302336
302592
302848
303104
303360
303616
303872
304128
304384
304640
304896
305152
305408
305664
305920
306176
306432
306688
306944
307200
307456
307712
307968
308224
308480
308736
308992
309248
309504
309760
310016
310272
310528
310784
311040
311296
311552
311808
312064
312320
312576
312832
313088
313344
313600
313856
314112
314368
314624
314880
315136
315392
315648
315904
316160
316416
316672
316928
317184
317440
317696
317952
318208
318464
318720
318976
319232
319488
319744
320000
320256
320512
320768
321024
321280
321536
321792
322048
322304
322560
322816
323072
323328
323584
323840
324096
324352
324608
324864
325120
325376
325632
325888
326144
326400
326656
326912
327168
327424
327680
327936
328192
328448
328704
328960
329216
329472
329728
329984
330240
330496
330752
331008
331264
331520
331776
332032
332288
332544
332800
333056
333312
333568
333824
334080
334336
334592
334848
335104
335360
335616
335872
336128
336384
336640
336896
337152
337408
337664
337920
338176
338432
338688
338944
339200
339456
339712
339968
340224
340480
340736
340992
341248
341504
341760
342016
342272
342528
342784
343040
343296
343552
343808
344064
344320
344576
344832
345088
345344
345600
345856
346112
346368
346624
346880
347136
347392
347648
347904
348160
348416
348672
348928
349184
349440
349696
349952
350208
350464
350720
350976
351232
351488
351744
352000
352256
352512
352768
353024








































































































































































































































