117760
118016
118272
118528
118784
119040
119296
119552
119808
120064
120320
120576
120832
121088
121344
121600
121856
122112
122368
122624
122880
123136
123392
123648
123904
124160
124416
124672
124928
125184
125440
125696
125952
126208
126464
126720
126976
127232
127488
127744
128000
128256
128512
128768
129024
129280
129536
129792
130048
130304
130560
130816
131072
131328
131584
131840
132096
132352
132608
132864
133120
133376
133632
133888
134144
134400
134656
134912
135168
135424
135680
135936
136192
136448
136704
136960
137216
137472
137728
137984
138240
138496
138752
139008
139264
139520
139776
140032
140288
140544
140800
141056
141312
141568
141824
142080
142336
142592
142848
143104
143360
143616
143872
144128
144384
144640
144896
145152
145408
145664
145920
146176
146432
146688
146944
147200
147456
147712
147968
148224
148480
148736
148992
149248
149504
149760
150016
150272
150528
150784
151040
151296
151552
151808
152064
152320
152576
152832
153088
153344
153600
153856
154112
154368
154624
154880
155136
155392
155648
155904
156160
156416
156672
156928
157184
157440
157696
157952
158208
158464
158720
158976
159232
159488
159744
160000
160256
160512
160768
161024
161280
161536
161792
162048
162304
162560
162816
163072
163328
163584
163840
164096
164352
164608
164864
165120
165376
165632
165888
166144
166400
166656
166912
167168
167424
167680
167936
168192
168448
168704
168960
169216
169472
169728
169984
170240
170496
170752
171008
171264
171520
171776
172032
172288
172544
172800
173056
173312
173568
173824
174080
174336
174592
174848
175104
175360
175616
175872
176128
176384








































































































































































































































