412160
412416
412672
412928
413184
413440
413696
413952
414208
414464
414720
414976
415232
415488
415744
416000
416256
416512
416768
417024
417280
417536
417792
418048
418304
418560
418816
419072
419328
419584
419840
420096
420352
420608
420864
421120
421376
421632
421888
422144
422400
422656
422912
423168
423424
423680
423936
424192
424448
424704
424960
425216
425472
425728
425984
426240
426496
426752
427008
427264
427520
427776
428032
428288
428544
428800
429056
429312
429568
429824
430080
430336
430592
430848
431104
431360
431616
431872
432128
432384
432640
432896
433152
433408
433664
433920
434176
434432
434688
434944
435200
435456
435712
435968
436224
436480
436736
436992
437248
437504
437760
438016
438272
438528
438784
439040
439296
439552
439808
440064
440320
440576
440832
441088
441344
441600
441856
442112
442368
442624
442880
443136
443392
443648
443904
444160
444416
444672
444928
445184
445440
445696
445952
446208
446464
446720
446976
447232
447488
447744
448000
448256
448512
448768
449024
449280
449536
449792
450048
450304
450560
450816
451072
451328
451584
451840
452096
452352
452608
452864
453120
453376
453632
453888
454144
454400
454656
454912
455168
455424
455680
455936
456192
456448
456704
456960
457216
457472
457728
457984
458240
458496
458752
459008
459264
459520
459776
460032
460288
460544
460800
461056
461312
461568
461824
462080
462336
462592
462848
463104
463360
463616
463872
464128
464384
464640
464896
465152
465408
465664
465920
466176
466432
466688
466944
467200
467456
467712
467968
468224
468480
468736
468992
469248
469504
469760
470016
470272
470528
470784








































































































































































































































