765440
765696
765952
766208
766464
766720
766976
767232
767488
767744
768000
768256
768512
768768
769024
769280
769536
769792
770048
770304
770560
770816
771072
771328
771584
771840
772096
772352
772608
772864
773120
773376
773632
773888
774144
774400
774656
774912
775168
775424
775680
775936
776192
776448
776704
776960
777216
777472
777728
777984
778240
778496
778752
779008
779264
779520
779776
780032
780288
780544
780800
781056
781312
781568
781824
782080
782336
782592
782848
783104
783360
783616
783872
784128
784384
784640
784896
785152
785408
785664
785920
786176
786432
786688
786944
787200
787456
787712
787968
788224
788480
788736
788992
789248
789504
789760
790016
790272
790528
790784
791040
791296
791552
791808
792064
792320
792576
792832
793088
793344
793600
793856
794112
794368
794624
794880
795136
795392
795648
795904
796160
796416
796672
796928
797184
797440
797696
797952
798208
798464
798720
798976
799232
799488
799744
800000
800256
800512
800768
801024
801280
801536
801792
802048
802304
802560
802816
803072
803328
803584
803840
804096
804352
804608
804864
805120
805376
805632
805888
806144
806400
806656
806912
807168
807424
807680
807936
808192
808448
808704
808960
809216
809472
809728
809984
810240
810496
810752
811008
811264
811520
811776
812032
812288
812544
812800
813056
813312
813568
813824
814080
814336
814592
814848
815104
815360
815616
815872
816128
816384
816640
816896
817152
817408
817664
817920
818176
818432
818688
818944
819200
819456
819712
819968
820224
820480
820736
820992
821248
821504
821760
822016
822272
822528
822784
823040
823296
823552
823808
824064








































































































































































































































