706560
706816
707072
707328
707584
707840
708096
708352
708608
708864
709120
709376
709632
709888
710144
710400
710656
710912
711168
711424
711680
711936
712192
712448
712704
712960
713216
713472
713728
713984
714240
714496
714752
715008
715264
715520
715776
716032
716288
716544
716800
717056
717312
717568
717824
718080
718336
718592
718848
719104
719360
719616
719872
720128
720384
720640
720896
721152
721408
721664
721920
722176
722432
722688
722944
723200
723456
723712
723968
724224
724480
724736
724992
725248
725504
725760
726016
726272
726528
726784
727040
727296
727552
727808
728064
728320
728576
728832
729088
729344
729600
729856
730112
730368
730624
730880
731136
731392
731648
731904
732160
732416
732672
732928
733184
733440
733696
733952
734208
734464
734720
734976
735232
735488
735744
736000
736256
736512
736768
737024
737280
737536
737792
738048
738304
738560
738816
739072
739328
739584
739840
740096
740352
740608
740864
741120
741376
741632
741888
742144
742400
742656
742912
743168
743424
743680
743936
744192
744448
744704
744960
745216
745472
745728
745984
746240
746496
746752
747008
747264
747520
747776
748032
748288
748544
748800
749056
749312
749568
749824
750080
750336
750592
750848
751104
751360
751616
751872
752128
752384
752640
752896
753152
753408
753664
753920
754176
754432
754688
754944
755200
755456
755712
755968
756224
756480
756736
756992
757248
757504
757760
758016
758272
758528
758784
759040
759296
759552
759808
760064
760320
760576
760832
761088
761344
761600
761856
762112
762368
762624
762880
763136
763392
763648
763904
764160
764416
764672
764928
765184








































































































































































































































