58880
59136
59392
59648
59904
60160
60416
60672
60928
61184
61440
61696
61952
62208
62464
62720
62976
63232
63488
63744
64000
64256
64512
64768
65024
65280
65536
65792
66048
66304
66560
66816
67072
67328
67584
67840
68096
68352
68608
68864
69120
69376
69632
69888
70144
70400
70656
70912
71168
71424
71680
71936
72192
72448
72704
72960
73216
73472
73728
73984
74240
74496
74752
75008
75264
75520
75776
76032
76288
76544
76800
77056
77312
77568
77824
78080
78336
78592
78848
79104
79360
79616
79872
80128
80384
80640
80896
81152
81408
81664
81920
82176
82432
82688
82944
83200
83456
83712
83968
84224
84480
84736
84992
85248
85504
85760
86016
86272
86528
86784
87040
87296
87552
87808
88064
88320
88576
88832
89088
89344
89600
89856
90112
90368
90624
90880
91136
91392
91648
91904
92160
92416
92672
92928
93184
93440
93696
93952
94208
94464
94720
94976
95232
95488
95744
96000
96256
96512
96768
97024
97280
97536
97792
98048
98304
98560
98816
99072
99328
99584
99840
100096
100352
100608
100864
101120
101376
101632
101888
102144
102400
102656
102912
103168
103424
103680
103936
104192
104448
104704
104960
105216
105472
105728
105984
106240
106496
106752
107008
107264
107520
107776
108032
108288
108544
108800
109056
109312
109568
109824
110080
110336
110592
110848
111104
111360
111616
111872
112128
112384
112640
112896
113152
113408
113664
113920
114176
114432
114688
114944
115200
115456
115712
115968
116224
116480
116736
116992
117248
117504









































































































































































































































