883200
883456
883712
883968
884224
884480
884736
884992
885248
885504
885760
886016
886272
886528
886784
887040
887296
887552
887808
888064
888320
888576
888832
889088
889344
889600
889856
890112
890368
890624
890880
891136
891392
891648
891904
892160
892416
892672
892928
893184
893440
893696
893952
894208
894464
894720
894976
895232
895488
895744
896000
896256
896512
896768
897024
897280
897536
897792
898048
898304
898560
898816
899072
899328
899584
899840
900096
900352
900608
900864
901120
901376
901632
901888
902144
902400
902656
902912
903168
903424
903680
903936
904192
904448
904704
904960
905216
905472
905728
905984
906240
906496
906752
907008
907264
907520
907776
908032
908288
908544
908800
909056
909312
909568
909824
910080
910336
910592
910848
911104
911360
911616
911872
912128
912384
912640
912896
913152
913408
913664
913920
914176
914432
914688
914944
915200
915456
915712
915968
916224
916480
916736
916992
917248
917504
917760
918016
918272
918528
918784
919040
919296
919552
919808
920064
920320
920576
920832
921088
921344
921600
921856
922112
922368
922624
922880
923136
923392
923648
923904
924160
924416
924672
924928
925184
925440
925696
925952
926208
926464
926720
926976
927232
927488
927744
928000
928256
928512
928768
929024
929280
929536
929792
930048
930304
930560
930816
931072
931328
931584
931840
932096
932352
932608
932864
933120
933376
933632
933888
934144
934400
934656
934912
935168
935424
935680
935936
936192
936448
936704
936960
937216
937472
937728
937984
938240
938496
938752
939008
939264
939520
939776
940032
940288
940544
940800
941056
941312
941568
941824
942080
942336
942592
942848
943104
943360
943616
943872
































































































































































































































