471040
471296
471552
471808
472064
472320
472576
472832
473088
473344
473600
473856
474112
474368
474624
474880
475136
475392
475648
475904
476160
476416
476672
476928
477184
477440
477696
477952
478208
478464
478720
478976
479232
479488
479744
480000
480256
480512
480768
481024
481280
481536
481792
482048
482304
482560
482816
483072
483328
483584
483840
484096
484352
484608
484864
485120
485376
485632
485888
486144
486400
486656
486912
487168
487424
487680
487936
488192
488448
488704
488960
489216
489472
489728
489984
490240
490496
490752
491008
491264
491520
491776
492032
492288
492544
492800
493056
493312
493568
493824
494080
494336
494592
494848
495104
495360
495616
495872
496128
496384
496640
496896
497152
497408
497664
497920
498176
498432
498688
498944
499200
499456
499712
499968
500224
500480
500736
500992
501248
501504
501760
502016
502272
502528
502784
503040
503296
503552
503808
504064
504320
504576
504832
505088
505344
505600
505856
506112
506368
506624
506880
507136
507392
507648
507904
508160
508416
508672
508928
509184
509440
509696
509952
510208
510464
510720
510976
511232
511488
511744
512000
512256
512512
512768
513024
513280
513536
513792
514048
514304
514560
514816
515072
515328
515584
515840
516096
516352
516608
516864
517120
517376
517632
517888
518144
518400
518656
518912
519168
519424
519680
519936
520192
520448
520704
520960
521216
521472
521728
521984
522240
522496
522752
523008
523264
523520
523776
524032
524288
524544
524800
525056
525312
525568
525824
526080
526336
526592
526848
527104
527360
527616
527872
528128
528384
528640
528896
529152
529408
529664








































































































































































































































