588800
589056
589312
589568
589824
590080
590336
590592
590848
591104
591360
591616
591872
592128
592384
592640
592896
593152
593408
593664
593920
594176
594432
594688
594944
595200
595456
595712
595968
596224
596480
596736
596992
597248
597504
597760
598016
598272
598528
598784
599040
599296
599552
599808
600064
600320
600576
600832
601088
601344
601600
601856
602112
602368
602624
602880
603136
603392
603648
603904
604160
604416
604672
604928
605184
605440
605696
605952
606208
606464
606720
606976
607232
607488
607744
608000
608256
608512
608768
609024
609280
609536
609792
610048
610304
610560
610816
611072
611328
611584
611840
612096
612352
612608
612864
613120
613376
613632
613888
614144
614400
614656
614912
615168
615424
615680
615936
616192
616448
616704
616960
617216
617472
617728
617984
618240
618496
618752
619008
619264
619520
619776
620032
620288
620544
620800
621056
621312
621568
621824
622080
622336
622592
622848
623104
623360
623616
623872
624128
624384
624640
624896
625152
625408
625664
625920
626176
626432
626688
626944
627200
627456
627712
627968
628224
628480
628736
628992
629248
629504
629760
630016
630272
630528
630784
631040
631296
631552
631808
632064
632320
632576
632832
633088
633344
633600
633856
634112
634368
634624
634880
635136
635392
635648
635904
636160
636416
636672
636928
637184
637440
637696
637952
638208
638464
638720
638976
639232
639488
639744
640000
640256
640512
640768
641024
641280
641536
641792
642048
642304
642560
642816
643072
643328
643584
643840
644096
644352
644608
644864
645120
645376
645632
645888
646144
646400
646656
646912
647168
647424








































































































































































































































