824320
824576
824832
825088
825344
825600
825856
826112
826368
826624
826880
827136
827392
827648
827904
828160
828416
828672
828928
829184
829440
829696
829952
830208
830464
830720
830976
831232
831488
831744
832000
832256
832512
832768
833024
833280
833536
833792
834048
834304
834560
834816
835072
835328
835584
835840
836096
836352
836608
836864
837120
837376
837632
837888
838144
838400
838656
838912
839168
839424
839680
839936
840192
840448
840704
840960
841216
841472
841728
841984
842240
842496
842752
843008
843264
843520
843776
844032
844288
844544
844800
845056
845312
845568
845824
846080
846336
846592
846848
847104
847360
847616
847872
848128
848384
848640
848896
849152
849408
849664
849920
850176
850432
850688
850944
851200
851456
851712
851968
852224
852480
852736
852992
853248
853504
853760
854016
854272
854528
854784
855040
855296
855552
855808
856064
856320
856576
856832
857088
857344
857600
857856
858112
858368
858624
858880
859136
859392
859648
859904
860160
860416
860672
860928
861184
861440
861696
861952
862208
862464
862720
862976
863232
863488
863744
864000
864256
864512
864768
865024
865280
865536
865792
866048
866304
866560
866816
867072
867328
867584
867840
868096
868352
868608
868864
869120
869376
869632
869888
870144
870400
870656
870912
871168
871424
871680
871936
872192
872448
872704
872960
873216
873472
873728
873984
874240
874496
874752
875008
875264
875520
875776
876032
876288
876544
876800
877056
877312
877568
877824
878080
878336
878592
878848
879104
879360
879616
879872
880128
880384
880640
880896
881152
881408
881664
881920
882176
882432
882688
882944








































































































































































































































