176640
176896
177152
177408
177664
177920
178176
178432
178688
178944
179200
179456
179712
179968
180224
180480
180736
180992
181248
181504
181760
182016
182272
182528
182784
183040
183296
183552
183808
184064
184320
184576
184832
185088
185344
185600
185856
186112
186368
186624
186880
187136
187392
187648
187904
188160
188416
188672
188928
189184
189440
189696
189952
190208
190464
190720
190976
191232
191488
191744
192000
192256
192512
192768
193024
193280
193536
193792
194048
194304
194560
194816
195072
195328
195584
195840
196096
196352
196608
196864
197120
197376
197632
197888
198144
198400
198656
198912
199168
199424
199680
199936
200192
200448
200704
200960
201216
201472
201728
201984
202240
202496
202752
203008
203264
203520
203776
204032
204288
204544
204800
205056
205312
205568
205824
206080
206336
206592
206848
207104
207360
207616
207872
208128
208384
208640
208896
209152
209408
209664
209920
210176
210432
210688
210944
211200
211456
211712
211968
212224
212480
212736
212992
213248
213504
213760
214016
214272
214528
214784
215040
215296
215552
215808
216064
216320
216576
216832
217088
217344
217600
217856
218112
218368
218624
218880
219136
219392
219648
219904
220160
220416
220672
220928
221184
221440
221696
221952
222208
222464
222720
222976
223232
223488
223744
224000
224256
224512
224768
225024
225280
225536
225792
226048
226304
226560
226816
227072
227328
227584
227840
228096
228352
228608
228864
229120
229376
229632
229888
230144
230400
230656
230912
231168
231424
231680
231936
232192
232448
232704
232960
233216
233472
233728
233984
234240
234496
234752
235008
235264








































































































































































































































