353280
353536
353792
354048
354304
354560
354816
355072
355328
355584
355840
356096
356352
356608
356864
357120
357376
357632
357888
358144
358400
358656
358912
359168
359424
359680
359936
360192
360448
360704
360960
361216
361472
361728
361984
362240
362496
362752
363008
363264
363520
363776
364032
364288
364544
364800
365056
365312
365568
365824
366080
366336
366592
366848
367104
367360
367616
367872
368128
368384
368640
368896
369152
369408
369664
369920
370176
370432
370688
370944
371200
371456
371712
371968
372224
372480
372736
372992
373248
373504
373760
374016
374272
374528
374784
375040
375296
375552
375808
376064
376320
376576
376832
377088
377344
377600
377856
378112
378368
378624
378880
379136
379392
379648
379904
380160
380416
380672
380928
381184
381440
381696
381952
382208
382464
382720
382976
383232
383488
383744
384000
384256
384512
384768
385024
385280
385536
385792
386048
386304
386560
386816
387072
387328
387584
387840
388096
388352
388608
388864
389120
389376
389632
389888
390144
390400
390656
390912
391168
391424
391680
391936
392192
392448
392704
392960
393216
393472
393728
393984
394240
394496
394752
395008
395264
395520
395776
396032
396288
396544
396800
397056
397312
397568
397824
398080
398336
398592
398848
399104
399360
399616
399872
400128
400384
400640
400896
401152
401408
401664
401920
402176
402432
402688
402944
403200
403456
403712
403968
404224
404480
404736
404992
405248
405504
405760
406016
406272
406528
406784
407040
407296
407552
407808
408064
408320
408576
408832
409088
409344
409600
409856
410112
410368
410624
410880
411136
411392
411648
411904








































































































































































































































