235520
235776
236032
236288
236544
236800
237056
237312
237568
237824
238080
238336
238592
238848
239104
239360
239616
239872
240128
240384
240640
240896
241152
241408
241664
241920
242176
242432
242688
242944
243200
243456
243712
243968
244224
244480
244736
244992
245248
245504
245760
246016
246272
246528
246784
247040
247296
247552
247808
248064
248320
248576
248832
249088
249344
249600
249856
250112
250368
250624
250880
251136
251392
251648
251904
252160
252416
252672
252928
253184
253440
253696
253952
254208
254464
254720
254976
255232
255488
255744
256000
256256
256512
256768
257024
257280
257536
257792
258048
258304
258560
258816
259072
259328
259584
259840
260096
260352
260608
260864
261120
261376
261632
261888
262144
262400
262656
262912
263168
263424
263680
263936
264192
264448
264704
264960
265216
265472
265728
265984
266240
266496
266752
267008
267264
267520
267776
268032
268288
268544
268800
269056
269312
269568
269824
270080
270336
270592
270848
271104
271360
271616
271872
272128
272384
272640
272896
273152
273408
273664
273920
274176
274432
274688
274944
275200
275456
275712
275968
276224
276480
276736
276992
277248
277504
277760
278016
278272
278528
278784
279040
279296
279552
279808
280064
280320
280576
280832
281088
281344
281600
281856
282112
282368
282624
282880
283136
283392
283648
283904
284160
284416
284672
284928
285184
285440
285696
285952
286208
286464
286720
286976
287232
287488
287744
288000
288256
288512
288768
289024
289280
289536
289792
290048
290304
290560
290816
291072
291328
291584
291840
292096
292352
292608
292864
293120
293376
293632
293888
294144








































































































































































































































