647680
647936
648192
648448
648704
648960
649216
649472
649728
649984
650240
650496
650752
651008
651264
651520
651776
652032
652288
652544
652800
653056
653312
653568
653824
654080
654336
654592
654848
655104
655360
655616
655872
656128
656384
656640
656896
657152
657408
657664
657920
658176
658432
658688
658944
659200
659456
659712
659968
660224
660480
660736
660992
661248
661504
661760
662016
662272
662528
662784
663040
663296
663552
663808
664064
664320
664576
664832
665088
665344
665600
665856
666112
666368
666624
666880
667136
667392
667648
667904
668160
668416
668672
668928
669184
669440
669696
669952
670208
670464
670720
670976
671232
671488
671744
672000
672256
672512
672768
673024
673280
673536
673792
674048
674304
674560
674816
675072
675328
675584
675840
676096
676352
676608
676864
677120
677376
677632
677888
678144
678400
678656
678912
679168
679424
679680
679936
680192
680448
680704
680960
681216
681472
681728
681984
682240
682496
682752
683008
683264
683520
683776
684032
684288
684544
684800
685056
685312
685568
685824
686080
686336
686592
686848
687104
687360
687616
687872
688128
688384
688640
688896
689152
689408
689664
689920
690176
690432
690688
690944
691200
691456
691712
691968
692224
692480
692736
692992
693248
693504
693760
694016
694272
694528
694784
695040
695296
695552
695808
696064
696320
696576
696832
697088
697344
697600
697856
698112
698368
698624
698880
699136
699392
699648
699904
700160
700416
700672
700928
701184
701440
701696
701952
702208
702464
702720
702976
703232
703488
703744
704000
704256
704512
704768
705024
705280
705536
705792
706048
706304








































































































































































































































