529920
530176
530432
530688
530944
531200
531456
531712
531968
532224
532480
532736
532992
533248
533504
533760
534016
534272
534528
534784
535040
535296
535552
535808
536064
536320
536576
536832
537088
537344
537600
537856
538112
538368
538624
538880
539136
539392
539648
539904
540160
540416
540672
540928
541184
541440
541696
541952
542208
542464
542720
542976
543232
543488
543744
544000
544256
544512
544768
545024
545280
545536
545792
546048
546304
546560
546816
547072
547328
547584
547840
548096
548352
548608
548864
549120
549376
549632
549888
550144
550400
550656
550912
551168
551424
551680
551936
552192
552448
552704
552960
553216
553472
553728
553984
554240
554496
554752
555008
555264
555520
555776
556032
556288
556544
556800
557056
557312
557568
557824
558080
558336
558592
558848
559104
559360
559616
559872
560128
560384
560640
560896
561152
561408
561664
561920
562176
562432
562688
562944
563200
563456
563712
563968
564224
564480
564736
564992
565248
565504
565760
566016
566272
566528
566784
567040
567296
567552
567808
568064
568320
568576
568832
569088
569344
569600
569856
570112
570368
570624
570880
571136
571392
571648
571904
572160
572416
572672
572928
573184
573440
573696
573952
574208
574464
574720
574976
575232
575488
575744
576000
576256
576512
576768
577024
577280
577536
577792
578048
578304
578560
578816
579072
579328
579584
579840
580096
580352
580608
580864
581120
581376
581632
581888
582144
582400
582656
582912
583168
583424
583680
583936
584192
584448
584704
584960
585216
585472
585728
585984
586240
586496
586752
587008
587264
587520
587776
588032
588288
588544








































































































































































































































